2899
8737
1261
4191
2067
7691
4101
1920
6535
2566
3037
2760
4205
4077
8161
7100
4896
7860
8836
9162
9009
4968
5460
303
6630
3718
7877
9561
1429
5207
2181
9012
6392
8630
7071
3753
8861
9666
5794
4292
3748
6305
5674
4667
4117
36
9493
81
9554
8313
1804
7606
9910
9250
7084
6211
961
7707
9832
7513
7915
3390
640
1479
5456
7168
68
1022
4244
6248
4844
9058
3914
6074
355
8987
7692
6851
6370
8894
4487
8170
7270
5707
2117
8232
9378
8216
1805
2934
1296
7562
5990
2712
2472
1297
7055
8071
6528
2321
409
5263
4440
8523
7677
1177
5108
2557
6653
7908
4054
9225
1349
7901
8843
7240
7968
5092
884
6451
9147
373
3586
8656
4951
6813
391
5480
9177
3036
274
8653
3497
6143
6129
956
4989
3637
4548
3153
2263
2946
8804
2103
5145
9964
4050
3832
4813
5899
1733
6435
3531
3605
9292
3733
3817
9011
860
7653
2616
8488
3980
5496
6350
7180
7403
1212
4244
7350
1598
6109
7023
8008
9755
189
2676
1969
5361
9971
8420
5177
5363
4734
5151
9195
638
5675
5868
2753
3797
5845
5139
606
71
5160
4248
2234
5935
7379
9296
6141
9540
1375
6643
999
4702
7840
9691
6505
5796
8176
7278
1606
8018
8800
187
3748
1704
7864
4859
9760
6610
931
3596
3478
4664
4779
8839
8031
133
7641
249
4254
2696
117
5573
5910
9127
4886
3991
9817
1931
3372
5206
91
6088
1367
3630
906
626
7372
266
8296
9840
5305
8179
8829
4291
5654
7226
5790
9910
6711
2958
8289
3911
1673
1998
9645
1404
67
1198
4100
794
4674
1101
2959
8198
8583
1890
9135
6078
2849
4799
4657
9222
7458
1114
7433
3891
4293
2235
9203
6753
6767
7212
7282
5590
5443
7854
5145
8513
6455
3690
2114
7679
4130
3829
2864
6439
3892
345
4441
6505
603
7801
4495
7708
9686
2301
1952
4466
5132
4078
1499
7363
5361
7969
7870
3578
1329
4403
9754
9954
9432
8603
2084
21
8581
1185
4279
2414
9480
8326
4015
2495
7115
7221
4411
7577
2710
8340
3055
2292
8090
957
5424
2724
1238
8442
5708
7965
6599
6106
2121
808
2633
4906
8914
4562
8222
4354
9211
1691
9534
5157
7631
8871
2216
3865
6998
1436
1236
6089
6953
7942
3265
6996
9641
6235
9040
8181
6197
5551
5510
7865
6971
6132
3417
5768
4365
4142
7872
3618
2054
7642
7968
9707
6681
9520
4732
9066
2193
9866
7620
7056
2364
8167
6709
7835
3297
8151
9697
7369
2477
3941
7185
297
5128
2369
3793
6704
9783
6492
8978
715
9515
2776
5188
7195
6654
7098
8641
4969
1597
6307
9595
9464
1073
7034
6637
3614
8418
4873
5393
750
1415
385
5249
5530
5533
4670
287
3789
2625
6646
2380
9922
4591
2735
3935
9274
4855
9152
3850
9811
8962
7109
5591
2837
7421
5732
3170
5200
9272
1242
3978
4422
3544
9071
3744
8607
7561
6146
534
590
4145
507
8614
1242
3971
5512
9071
5049
6095
483
5374
2569
5412
4749
6942
2022
83
9576
1314
6980
1612
924
9788
3553
9014
4068
1123
7919
9054
9727
2622
9854
999
280
5147
9641
1403
5419
9395
7873
5067
8239
1306
9426
2354
6256
3781
8951
8789
6842
6569
1838
7760
4206
4402
3118
7494
7315
7729
9296
612
7469
6360
8466
7283
2594
2287
301
9702
1859
4819
6910
7126
9055
607
8843
5228
1309
830
9790
1786
1547
4283
3868
613
7810
3303
3632
1065
95
8331
1221
2814
5549
1123
2555
2575
3731
6295
9067
9480
3103
7238
8173
7869
900
8763
5440
6353
2358
6463
132
783
5583
1903
4675
9032
8774
5121
2907
8771
8157
8871
8221
1697
8928
8595
446
9219
8419
7545
4572
5432
6010
5939
4963
9313
3956
5419
7422
7758
6339
9157
762
5492
4145
4133
5470
5834
9824
1389
965
4594
9660
966
8525
3816
4977
8533
4579
9129
4192
7402
5497
5411
9351
9429
8428
7234
6651
8600
839
5302
5298
8341
8504
2774
5633
6386
5408
1881
8121
5452
3024
756
5882
8207
2672
3432
8515
6659
6570
4926
3562
1195
2662
900
5496
4709
86
6301
2502
9260
8561
6901
9291
4518
2615
2848
7761
2865
8946
8778
8971
2125
428
4630
4112
1729
2400
700
290
7691
8226
7999
2268
4687
9682
6677
9901
6117
8724
8847
3878
3618
9907
325
7200
8616
4492
8942
8472
6824
9705
6437
7080
4958
9053
411
5672
1721
7621
9459
7021
8059
8191
1441
2799
2812
1257
6450
5585
4201
6713
2287
1534
8640
1465
3257
4080
9128
8287
1689
6329
5154
2472
7602
7672
5005
3041
3161
689
1439
4907
2327
1304
9293
6068
2462
6012
6315
8609
2342
7650
1728
1795
2572
5591
85
5390
2727
3868
8377
6670
7559
2702
3272
5368
7651
4469
3040
6316
2333
5278
712
8540
2665
1478
3608
2017
2200
2989
2571
3424
5143
530
1091
17
3555
5137
6815
5303
6166
3942
2195
4011
4461
5182
2429
4756
9098
1114
2320
5109
4211
2699
7749
4212
3166
370
671
6076
6599
9952
6158
2392
2111
4122
6834
1855
7434
1939
9928
9352
2557
7289
8046
8530
4783
3263
3004
1053
8009
8048
1545
5416
5778
7041
1496
1058
1026
8190
4065
8318
2968
7506
5225
2002
386
6370
7223
572
6930
7133
6613
2837
4835
5842
7460
6351
872
6276
6060
3956
6658
2383
8725
5460
3337
921
5335
7836
4179
1739
6649
6187
6572
9135
8931
9765
9052
2979
3362
6710
3794
917
1238
988
3087
9473
3040
8536
9382
681
3865
8705
6733
6356
4916
4698
2949
8054
7873
9785
4826
9582
2766
5793
2790
2023
1166
4278
7498
2837
2304
8622
4742
7376
9242
9454
9874
3976
9736
606
2427
3501
7855
9092
1598
5672
9327
3169
1361
2620
8713
4685
9552
9348
7253
8534
1521
3898
3422
5580
6860
2645
1441
4905
8065
4791
3171
7484
2181
2305
8419
4437
4034
891
2382
2712
3113
6826
5081
